4294967278,52
4294967278,51
4294967278,50
4294967278,49
4294967278,64
4294967278,63
4294967278,62
4294967278,61
4294967278,60
4294967278,59
4294967278,58
4294967278,57
4294967278,56
4294967278,55
4294967278,54
4294967278,53
4294967279,85
4294967279,84
4294967279,83
4294967279,82
4294967279,81
4294967279,80
4294967279,79
4294967279,78
4294967279,74
4294967279,73
4294967279,72
4294967279,71
4294967279,68
4294967279,66
4294967279,64
4294967279,63
4294967279,61
4294967279,60
4294967279,58
4294967279,55
4294967279,53
4294967279,52
4294967279,51
4294967279,50
4294967279,48
4294967279,45
4294967279,42
4294967279,40
4294967279,37
4294967279,36
4294967279,35
4294967279,32
4294967279,30
4294967279,28
4294967279,27
4294967279,26
4294967279,24
4294967279,23
4294967279,22
4294967279,20
4294967279,19
4294967279,16
4294967279,15
4294967279,13
4294967279,12
4294967279,11
4294967279,10
4294967278,223
4294967294,5
4294967279,197
7,7
7,0
4294967279,198
4294967279,195
4294967279,193
4294967279,192
4294967279,191
4294967279,190
4294967279,189
4294967279,188
7,6
7,5
4294967279,185
4294967279,184
4294967279,183
4294967279,182
4294967279,179
4294967279,178
4294967279,177
4294967279,176
4294967279,173
4294967279,172
4294967279,171
4294967279,168
4294967279,166
4294967279,164
4294967279,163
4294967279,162
4294967279,161
4294967279,159
4294967279,158
4294967279,156
4294967279,155
4294967279,154
4294967279,153
4294967279,152
4294967279,151
4294967279,150
4294967279,149
4294967279,147
4294967279,146
4294967279,145
4294967279,144
4294967279,142
4294967279,141
4294967279,140
4294967279,139
4294967279,137
4294967279,135
4294967279,133
4294967278,295
4294967278,254
4294967278,253
4294967278,252
4294967278,250
4294967278,242
4294967278,236
4294967278,234
4294967278,232
4294967278,230
4294967278,228
4294967278,226
4294967278,224
4294967278,222
4294967278,220
4294967278,218
4294967278,216
4294967278,214
4294967278,213
4294967278,212
4294967278,211
4294967278,210
4294967278,209
4294967278,208
4294967278,207
4294967278,206
4294967278,205
4294967278,204
4294967278,203
4294967278,202
4294967278,201
4294967278,200
4294967278,199
4294967279,200
4294967278,198
4294967278,197
4294967278,196
4294967278,195
4294967279,196
4294967278,194
4294967278,193
4294967279,194
4294967278,192
4294967278,191
4294967278,190
4294967278,189
4294967278,188
4294967278,187
4294967278,186
4294967279,187
4294967278,185
4294967279,186
4294967278,184
4294967278,183
4294967278,182
4294967278,181
4294967278,180
4294967279,181
4294967278,179
4294967279,180
4294967278,178
4294967279,175
4294967279,170
4294967279,169
4294967279,167
4294967279,165
4294967279,160
4294967279,148
4294967279,143
4294967279,279
4294967279,136
4294967279,304
4294967279,275
4294967279,274
4294967279,273
4294967279,272
4294967279,271
4294967279,270
4294967279,269
4294967279,286
4294967279,267
4294967279,266
4294967279,265
4294967279,264
4294967279,263
4294967279,262
4294967279,284
4294967279,259
4294967279,258
4294967278,301
4294967278,300
4294967278,299
4294967278,298
4294967278,297
4294967278,296
4294967278,255
4294967278,294
4294967294,43
4294967294,127
4294967294,126
4294967294,418
4294967294,52
4294967294,50
4294967294,471
4294967294,92
4294967294,82
4294967294,1417
4294967294,81
4294967278,132
4294967278,131
4294967278,130
4294967278,129
4294967278,128
4294967278,127
4294967278,126
4294967278,125
4294967278,123
4294967278,120
4294967278,118
4294967278,117
4294967278,116
4294967278,115
4294967278,113
4294967278,235
4294967278,112
4294967278,233
4294967278,111
4294967278,110
4294967278,229
4294967278,109
4294967278,108
4294967278,107
4294967278,106
4294967278,105
4294967278,219
4294967278,104
4294967278,103
4294967278,102
4294967278,101
4294967278,100
4294967278,99
4294967278,98
4294967278,97
4294967278,96
4294967278,95
4294967278,94
4294967278,93
4294967278,92
4294967278,91
4294967278,90
4294967278,89
4294967278,87
4294967278,86
4294967278,85
4294967278,84
4294967278,83
4294967278,82
4294967278,81
4294967278,80
4294967278,79
4294967278,78
4294967278,77
4294967278,76
4294967278,75
4294967278,74
4294967278,73
4294967278,72
4294967278,71
4294967278,70
4294967278,69
4294967278,68
4294967278,67
4294967278,66
4294967278,65
4294967279,91
4294967279,90
4294967279,89
4294967279,87
4294967279,86
4294967279,77
4294967279,76
4294967279,75
4294967279,70
4294967279,69
4294967279,67
4294967279,65
4294967279,62
4294967279,59
4294967279,57
4294967279,56
4294967279,54
4294967279,49
